 ,y0,y1,y2,y3,y4,y5,y6,y7,y8,y9,y10,y11,y12,y13,y14,y15,y16,y17,y18,y19,y20,y21,y22,y23,y24,y25,y26,y27,y28,y29
1,4.039,1.533,2.074,1.978,0.546,0.551,0.954,1.917,1.306,0.746,1.516,1.990,1.044,0.543,2.209,0.716,0.403,2.851,3.574,3.946,3.547,0.861,1.606,1.875,3.073,3.001,2.107,1.413,1.561,1.075
2,1.807,1.321,1.709,2.151,0.716,0.491,1.523,2.567,0.963,0.891,0.310,1.735,1.717,0.942,1.057,1.021,0.534,1.014,2.592,2.474,1.573,0.806,0.779,1.282,3.066,2.127,1.606,1.011,2.029,1.910
3,0.955,0.543,0.812,2.006,0.806,0.736,0.569,2.578,0.871,1.464,0.455,1.122,1.883,0.457,0.696,1.111,0.852,1.234,1.978,2.495,2.676,0.972,0.365,1.274,2.701,1.455,1.101,1.348,1.657,2.511
4,0.800,0.454,1.113,2.327,0.766,0.784,0.985,2.027,1.624,0.757,1.261,1.264,2.112,0.855,1.058,0.978,2.437,0.809,2.797,4.337,2.011,0.556,1.169,2.251,2.990,0.839,0.918,0.356,0.355,2.033
5,0.999,0.742,0.871,0.932,0.607,0.852,2.714,2.003,0.400,1.539,0.589,0.673,1.911,0.503,0.358,1.505,1.384,1.611,1.189,3.238,2.162,0.528,1.865,1.329,1.180,0.856,0.750,0.135,1.212,1.185
6,0.723,1.526,1.117,0.892,1.390,0.476,2.159,1.155,0.000,1.085,2.156,1.380,1.872,1.048,1.062,1.745,1.371,1.452,1.802,2.380,2.449,0.750,1.253,1.553,0.695,1.250,0.601,0.671,1.847,1.523
7,2.187,1.458,1.499,1.099,1.493,0.838,1.791,2.059,0.478,0.705,1.671,1.163,1.037,0.968,1.306,1.368,1.174,1.610,2.104,5.030,1.387,0.917,2.112,1.024,1.861,1.561,0.630,1.280,0.985,1.357
8,1.675,1.514,0.826,0.676,1.226,0.790,1.972,1.634,0.590,0.379,3.083,2.608,0.767,1.381,1.436,0.932,1.211,1.403,3.099,9.559,3.286,0.889,3.848,1.962,1.100,1.661,0.812,1.170,0.715,2.212
9,1.261,2.041,0.148,1.219,1.159,1.277,0.985,1.356,0.258,0.545,4.601,3.022,0.764,0.416,1.976,0.603,1.647,1.661,2.884,10.061,3.525,0.583,8.939,2.821,2.049,1.109,1.178,1.692,1.435,1.623
10,1.586,1.080,1.500,1.845,1.514,0.622,2.084,0.956,0.112,0.386,4.323,6.127,0.505,0.864,1.571,0.543,2.105,1.333,4.764,10.647,1.751,0.333,10.676,4.563,3.113,0.938,1.046,3.118,2.135,2.034
11,2.334,1.134,1.671,2.435,3.650,0.563,3.383,1.488,0.488,1.096,5.485,5.182,1.517,1.012,1.860,0.681,1.157,2.941,5.615,7.848,1.534,0.806,8.968,7.066,7.129,1.646,1.458,3.089,2.113,1.533
12,2.898,1.988,1.346,2.508,4.111,1.173,6.389,2.144,1.696,1.239,6.060,5.767,3.353,1.947,2.125,0.523,1.437,1.225,8.572,6.425,1.811,2.472,5.283,8.205,6.578,1.981,1.667,4.380,3.156,1.151
13,4.807,3.379,2.208,2.149,2.629,1.458,5.802,2.866,1.421,1.439,7.233,4.374,4.280,4.026,1.829,1.502,1.895,3.212,8.816,5.219,0.742,4.583,3.788,7.897,3.126,2.040,0.768,5.510,3.467,2.694
14,6.977,5.718,4.939,2.287,2.452,2.604,5.324,4.229,2.561,4.555,4.565,2.146,4.256,4.771,1.492,0.849,0.781,5.005,7.778,3.557,1.928,5.306,4.118,4.829,3.793,4.715,1.949,5.979,7.191,3.730
15,10.786,9.023,4.857,1.621,1.327,3.013,2.109,9.372,1.707,5.091,1.654,1.467,4.168,3.800,2.087,0.549,1.879,7.590,3.561,1.493,1.226,5.167,2.369,5.297,2.468,6.449,1.926,8.871,7.979,5.135
16,12.597,9.348,3.725,2.238,1.067,4.722,2.866,9.086,1.723,5.038,1.899,1.077,2.451,2.570,4.104,2.292,6.883,12.942,2.311,1.764,3.114,3.500,2.241,3.198,2.477,7.819,3.316,8.018,7.328,4.908
17,12.280,9.196,4.351,3.492,0.741,3.496,1.358,4.700,2.301,4.866,2.715,1.461,2.107,2.677,5.310,2.783,9.486,15.872,1.572,1.528,3.984,1.833,1.887,3.762,0.826,7.306,3.761,3.264,4.037,4.724
18,10.292,5.842,6.026,6.469,0.943,2.269,1.031,3.563,4.565,2.999,1.202,1.698,1.823,0.367,6.247,4.354,8.833,14.682,1.484,1.136,5.034,1.000,2.113,3.034,0.695,3.990,5.065,3.033,2.173,3.236
19,9.504,4.720,5.238,7.446,1.023,2.475,0.553,3.179,6.558,1.877,0.238,1.038,0.649,1.179,7.527,4.737,4.705,12.629,1.649,1.598,6.741,0.583,2.452,2.379,1.207,2.945,4.559,2.220,1.456,3.015
20,4.044,2.869,4.869,8.651,0.778,1.504,0.790,1.790,4.409,0.995,0.364,0.882,1.250,1.129,6.302,4.374,3.563,7.382,1.626,1.567,4.930,0.861,2.220,1.355,2.410,2.415,2.493,1.750,1.442,1.797
21,2.095,1.969,4.048,11.377,0.466,0.923,0.714,0.777,4.604,0.725,0.930,0.859,1.822,1.534,5.434,4.001,2.595,4.908,1.357,0.674,3.273,0.333,2.473,1.220,1.233,1.839,2.032,0.875,1.251,1.928
22,1.639,2.611,2.878,8.766,0.000,1.866,1.118,0.698,3.558,1.695,1.078,1.643,1.164,2.027,3.405,4.080,1.822,4.497,0.934,0.842,2.837,0.278,2.485,0.548,0.000,2.293,2.800,1.218,1.624,1.903
23,0.656,3.750,2.128,7.228,0.000,1.748,0.935,0.465,0.935,1.201,1.192,2.088,0.732,1.747,2.259,2.229,0.596,2.485,1.324,0.000,1.936,0.444,2.018,1.039,0.000,2.189,1.150,1.137,2.435,1.949
24,0.781,2.189,0.977,4.928,0.000,2.098,0.788,0.850,0.629,1.004,0.610,0.000,0.472,0.559,0.754,3.234,0.975,1.761,1.991,0.000,3.612,1.028,1.737,2.883,0.000,1.831,2.713,2.353,0.000,1.679
25,0.963,2.161,1.022,3.256,0.000,2.662,1.537,0.606,1.589,0.000,0.000,0.000,0.412,0.207,0.881,2.354,0.523,1.909,0.000,0.000,2.936,0.000,1.656,1.661,0.000,1.472,2.022,1.345,0.000,1.804
26,0.676,0.655,0.655,2.108,0.000,1.420,0.851,1.066,1.162,0.000,0.000,0.000,0.000,1.495,1.354,1.870,1.249,1.629,0.000,0.000,2.749,0.000,0.000,0.000,0.000,2.120,0.975,1.311,0.000,0.000
27,0.238,0.454,0.165,1.311,0.000,1.902,1.688,1.112,1.224,0.000,0.000,0.000,0.000,1.911,1.620,1.692,0.952,1.889,0.000,0.000,3.480,0.000,0.000,0.000,0.000,2.151,1.275,0.484,0.000,0.000
28,1.189,1.148,0.521,1.152,0.000,1.660,0.000,1.245,1.375,0.000,0.000,0.000,0.000,1.656,1.379,3.313,1.501,1.120,0.000,0.000,3.869,0.000,0.000,0.000,0.000,2.134,1.742,0.282,0.000,0.000
29,1.497,1.342,0.818,0.654,0.000,0.000,0.000,0.000,2.388,0.000,0.000,0.000,0.000,0.000,0.469,1.511,1.445,1.055,0.000,0.000,1.526,0.000,0.000,0.000,0.000,2.543,1.736,0.000,0.000,0.000
30,1.817,1.392,0.299,0.522,0.000,0.000,0.000,0.000,2.232,0.000,0.000,0.000,0.000,0.000,2.250,0.648,1.992,1.336,0.000,0.000,2.816,0.000,0.000,0.000,0.000,0.000,0.331,0.000,0.000,0.000
31,2.352,2.024,0.709,0.808,0.000,0.000,0.000,0.000,2.295,0.000,0.000,0.000,0.000,0.000,1.283,0.812,1.626,1.919,0.000,0.000,3.028,0.000,0.000,0.000,0.000,0.000,0.900,0.000,0.000,0.000
32,1.580,0.000,0.884,0.401,0.000,0.000,0.000,0.000,2.160,0.000,0.000,0.000,0.000,0.000,0.840,0.964,2.205,1.973,0.000,0.000,2.097,0.000,0.000,0.000,0.000,0.000,0.250,0.000,0.000,0.000
33,2.414,0.000,2.156,0.917,0.000,0.000,0.000,0.000,2.118,0.000,0.000,0.000,0.000,0.000,1.101,2.083,1.213,1.753,0.000,0.000,2.874,0.000,0.000,0.000,0.000,0.000,0.149,0.000,0.000,0.000
34,1.498,0.000,1.490,1.256,0.000,0.000,0.000,0.000,1.791,0.000,0.000,0.000,0.000,0.000,1.248,2.479,0.000,0.000,0.000,0.000,2.018,0.000,0.000,0.000,0.000,0.000,0.000,0.000,0.000,0.000
35,0.632,0.000,1.920,0.694,0.000,0.000,0.000,0.000,0.000,0.000,0.000,0.000,0.000,0.000,1.022,0.975,0.000,0.000,0.000,0.000,1.120,0.000,0.000,0.000,0.000,0.000,0.000,0.000,0.000,0.000
36,1.365,0.000,0.000,0.706,0.000,0.000,0.000,0.000,0.000,0.000,0.000,0.000,0.000,0.000,0.000,0.479,0.000,0.000,0.000,0.000,0.000,0.000,0.000,0.000,0.000,0.000,0.000,0.000,0.000,0.000
37,1.445,0.000,0.000,0.997,0.000,0.000,0.000,0.000,0.000,0.000,0.000,0.000,0.000,0.000,0.000,0.979,0.000,0.000,0.000,0.000,0.000,0.000,0.000,0.000,0.000,0.000,0.000,0.000,0.000,0.000
38,2.292,0.000,0.000,0.867,0.000,0.000,0.000,0.000,0.000,0.000,0.000,0.000,0.000,0.000,0.000,0.000,0.000,0.000,0.000,0.000,0.000,0.000,0.000,0.000,0.000,0.000,0.000,0.000,0.000,0.000
